function [xt, yhat] = MyLSTMstateFnc(xt1, ut)
%% extract states

ht1_lb = xt1(2:27);
ct1_lb =  xt1(28:end);


%% load-boost model
Weights_fc1_lb = [-0.15350078,0.24118540,-0.19758885;0.14468309,-0.40668562,-0.22986154;-0.28371522,-0.22749859,0.24061754;-0.30738300,0.052602500,-0.29056102;0.29361522,0.19971842,0.048831936;-0.21235166,0.33358815,0.32996425;0.17754000,0.10077196,0.13290881;0.27569485,0.44343296,0.30883926;-0.38296440,-0.24773702,-0.055979583;0.35271123,-0.0033822185,0.020439789;0.092517115,-0.18823558,0.11908554;0.22577854,-0.31540570,-0.023214089;0.23604785,0.18517180,-0.11130404;0.21155819,-0.084016532,0.32293558;0.44898239,-0.053259782,0.099357180;0.30878708,0.23309170,0.12785374;0.11799764,-0.33539924,-0.20761728;0.23838797,0.036536310,-0.28217438;-0.012418773,-0.40756938,-0.10215678;-0.16583422,0.27533129,0.032735672;0.40401003,0.25662053,0.15864357;0.37413320,0.10330190,-0.21387565;0.25763735,0.38565367,0.040784460;-0.35028666,-0.37825581,-0.053394977;-0.21832170,0.38314724,0.33126625;-0.092358418,-0.26210541,0.37663212];
Bias_fc1_lb = [-0.013921936;0.00071121904;-0.038854156;0.058763631;-0.0043001785;0.014738733;-0.012541181;0.067111433;-0.011640182;0.033580899;0.016058343;0.027531449;-0.010663562;-0.0011486260;0.023486437;-0.0079653328;0.012217571;-0.018857561;0.056030836;0.027053587;-0.037448794;0.032107975;-0.0058979150;-0.037576113;-0.025159249;-0.041997898];


InputWeights_lstm_lb = [-0.12169317,-0.055999748,0.0088238185,0.11756673,-0.18244171,0.11339974,-0.020631425,0.090808488,-0.16403383,-0.20207453,-0.076982446,-0.059861735,-0.16801202,0.067156538,0.22492664,-0.082117081,0.0025010780,0.025876686,0.14967686,-0.059329629,0.021996100,-0.017412409,-0.24739574,-0.057088818,-0.059880067,0.21574287;-0.073523320,-0.066781320,-0.078036651,-0.23086534,0.094092116,0.095111936,0.046899829,0.018901616,-0.16440788,-0.13763380,0.14819455,-0.20282002,0.15441343,-0.038071431,0.025158852,-0.15681878,-0.24535887,0.16688989,0.12148363,0.20612217,-0.074576460,0.070189953,0.12796928,-0.21589352,-0.13115475,-0.22714338;-0.027997948,-0.14263688,0.021813948,-0.18560182,0.17903270,0.059384469,0.17010637,8.2759543e-05,0.075150259,0.097789608,0.17165068,-0.13903542,-0.012267302,-0.16778395,-0.11570600,-0.20281549,0.10909463,-0.068955399,0.099480681,0.10760833,-0.051710948,-0.13027984,0.056073233,0.074741706,-0.048595253,-0.091138691;-0.092242442,-0.026153307,-0.056067690,0.11079214,-0.19404206,-0.11427432,-0.20828784,-0.028516114,-0.075245529,-0.099339314,0.19276056,-0.065239228,0.070391037,-0.12530909,0.0021588870,-0.016910147,0.089097492,-0.090415336,-0.058078147,0.18217845,0.033843484,-0.18835041,-0.033317260,-0.14790905,-0.068965435,0.032860894;0.20532292,-0.098226219,-0.087642558,0.098914921,0.0070167705,-0.12100541,-0.20468430,0.036835633,-0.17445694,-0.029207869,-0.12333129,0.013023807,-0.080245070,0.096859857,-0.066999227,-0.062253378,-0.17886047,-0.14615579,0.10844501,0.11253014,0.088819601,-0.090845317,0.16027035,-0.026181035,-0.093995981,-0.14446895;-0.021758370,0.025022816,0.084170498,0.19588579,0.17342186,-0.13369119,0.092621021,0.15787564,0.055796590,-0.017089117,0.21494700,0.020367298,-0.043806709,0.064219490,-0.060066737,-0.18978055,-0.015360174,-0.10243723,0.031680755,-0.12515491,-0.16389787,0.15301719,0.035869561,0.085690416,-0.14544287,0.026535034;0.016054193,-0.13952202,-0.16535407,-0.16477764,-0.049876422,-0.14089784,0.082610585,0.016108830,0.0030841769,-0.022143653,0.086265638,-0.097027160,-0.059138145,0.10220548,-0.16141446,-0.13846542,-0.10317703,-0.037801873,-0.066439703,-0.058913276,0.17810762,0.076323234,0.22867410,-0.10644855,-0.044537716,-0.27009869;0.033463098,0.080625132,0.17538333,-0.18835327,-0.072732873,-0.037799083,0.12472331,-0.0057529612,0.14318474,-0.070409402,-0.19084197,0.094513774,0.099804811,-0.073793679,0.17053178,-0.11711792,0.029244397,-0.016803540,0.034856342,-0.10467106,0.12578031,0.059951931,-0.080227584,-0.090374611,-0.00021115728,0.012609469;0.15129974,0.11429084,-0.048789348,-0.099204883,0.17100836,-0.16963191,-0.18155691,-0.063888319,-0.079694152,-0.054619297,-0.22945060,-0.065160006,0.12799813,0.048676744,-0.097981893,-0.082859896,-0.067743525,0.11663488,0.051605858,-0.18217263,0.22321625,0.20896062,-0.14052825,-0.17666331,-0.14545220,-0.20429052;-0.025545897,0.058631133,0.16427411,0.025722383,0.061993599,0.19379552,0.11364023,0.048947059,-0.15340060,-0.18058515,0.097166643,0.043269422,0.093781047,0.095808677,-0.21245384,-0.068094984,0.0082753785,-0.037810490,0.18666533,-0.013765509,0.10594749,0.14043963,-0.21209954,0.012389603,-0.033369981,0.16447988;0.093219623,-0.18259902,0.13016358,0.062187191,-0.12329298,-0.0079347780,0.20373271,0.086650968,-0.097696833,0.0079071866,-0.10212778,0.010471108,0.077425867,0.00095230475,-0.060870670,0.10569166,-0.11625532,0.15503326,0.13714071,0.10073588,0.12478466,0.17161876,0.056629397,-0.18351267,0.098542415,-0.082002334;0.18319759,0.22732593,0.15117154,0.16405374,-0.066938713,-0.077600531,-0.020252978,0.15560421,0.067457631,-0.20608956,0.13418911,0.067420594,-0.017057445,0.13687108,-0.13014811,0.19494446,-0.099678345,-0.0010002581,0.016178662,0.10320877,-0.11957862,0.045681097,-0.086377569,0.020460783,0.054283135,-0.14703362;-0.042405088,-0.20883647,-0.0098876171,0.011408192,0.17620373,-0.092689209,-0.074967273,-0.063366845,0.10070914,0.098151408,0.17741539,-0.022798443,-0.011910885,-0.011632332,0.075250670,-0.16467543,0.10978638,-0.18400021,0.023046199,0.14148819,-0.034209251,-0.014134871,0.051063821,-0.072606534,-0.025462987,0.11569240;-0.16050676,0.15385164,-0.11111901,-0.21991245,-0.19530146,-0.0088636000,0.010328151,-0.19269310,-0.18374434,-0.20053293,0.046740845,0.070134334,-0.19360310,0.037401512,0.072631322,-0.11905573,-0.19288519,0.23202561,-0.19451575,-0.17069285,-0.065108553,0.16077001,0.099554889,-0.053029247,0.032371532,0.19369073;0.058038648,-0.15065300,0.028075336,-0.13707526,-0.12604533,-0.044308323,-0.15038399,0.11014031,-0.10559360,0.14027624,-0.086276129,-0.15625136,-0.047236722,-0.011469726,0.13432170,-0.0019428734,-0.20971513,0.085833907,-0.040703911,-0.19849554,0.10049264,0.21554500,-0.036798239,-0.041711561,-0.10058412,0.12662193;0.050838776,-0.015581823,-0.098047979,-0.12177740,0.018716896,0.090888493,-0.018465733,-0.13146137,0.13761576,-0.077066399,0.065320157,-0.18247324,0.10424038,-0.24185976,0.080577850,-0.075304218,-0.14192414,-0.064812005,0.12384322,0.18778227,-0.13873063,-0.13928589,-0.072468504,-0.12210030,-0.085521281,0.16125153;-0.14646545,0.19034599,-0.10955191,-0.088184565,-0.058940448,-0.045196801,0.19585371,-0.13905238,-0.17621997,0.065993764,-0.016488111,-0.19551763,-0.21328388,-0.088712305,-0.10998043,0.15981093,-0.19310054,-0.17727232,-0.10830042,0.0065382184,-0.079461560,0.086043037,-0.079430573,0.15408936,0.070318364,-0.034995969;0.042370144,-0.070519164,0.037114408,-0.10556467,0.10842883,0.039795563,-0.013771753,0.12468746,-0.12914293,-0.11363018,-0.016674832,-0.019926168,-0.090204649,0.14541355,0.021784108,-0.15186229,-0.15839015,-0.13120545,0.18953553,0.17781340,0.094268665,-0.073090613,-0.10347237,0.084025770,-0.18605162,0.074557789;-0.20735002,-0.10674510,-0.10001584,0.15907913,-0.18742347,0.0062295725,0.14474384,-0.14532557,0.017703131,0.11837802,0.076071486,0.14669706,-0.21178968,0.058734585,0.14505051,0.0069045979,0.081867836,0.012185149,0.010197141,-0.19019905,0.051081941,-0.11020020,-0.10207456,-0.12781708,0.12954885,0.069430046;0.082218975,0.13264781,-0.041674972,0.21021760,-0.014386270,0.18709877,0.040195093,-0.0091392295,-0.0031313486,0.15322940,-0.15937674,0.013101275,0.024733279,0.13335742,0.0056728958,-0.10137725,-0.027816916,-0.015419696,-0.0066313846,-0.090764455,0.20769857,0.095060997,-0.097217657,-0.0083491337,0.19340758,-0.14678834;-0.064212203,-0.037323125,-0.17377335,-0.12015361,-0.13400349,-0.19513731,0.070751578,0.18566188,0.16625656,0.17935596,0.0036938484,0.21147944,0.066985816,0.064284801,0.17729171,0.12978816,-0.076563120,-0.10770469,-0.039611857,-0.18352208,-0.0067001735,0.12680249,